INPUT - X for x
-1.10
-2.41
-3.576
-0.532
-1.69
-3.098
-2.405
-0.92
-0.009
0.95
1.59
-1.29
-3.88
-4.7
-5.47
-8.33
-7.07
-9.15
-10.04
-12.36
-11.95
-11.09
-13.24
-15.21
-13.45
-14.75
-16.3
-16.96
-14.88
-15.45
-16.1
-17.3
-18.22
-17.1

Label Y for x
14.2
13.073
11.82
14.15
12.9
11.86
12.04
12.9
14.22
14.07
14.22
10.39
7.93
7.78
7.713
5.194
5.22
2.792
2.681
0.74
0.699
0.672
-1.805
-4.33
-1.257
-2.6823
-4.34
-4.34
-1.59
-1.71
-1.597
-3.05
-4.33
-4.25

Input X for z
-1.47
-1.6
-1.713
-3.6804
-4.175
-4.14
0.73
0.711
0.86
-8.65
-11.6
-12.3
-13.08
-10.5
-8.19
-8.64
-13.63
-12.07
-9.30
-9.94
-11.98
-15.21
-15.7
-16.13
-13.03
-13.37
-13.79
-11.74
-9.31
-6.60
-3.94
-4.41
-6.06
-10.14

Label Y for z
7.31
7.21
7.16
3.57
3.54
3.6
0.73
0.711
0.86
-4.43
-9.15
-8.97
-8.75
-5.4
-1.24
-5.707
-9.15
-5.6
-1.36
-1.23
-4.34
-9.15
-9.16
-9.15
-5.22
-5.28
-5.33
-1.129
0.489
4.75
8.92
8.88
7.84
0.677

